-31.63,33.11,-508.18,-58.22,4706,0
-31.50,33.03,-508.17,-58.22,4806,0
-31.50,33.03,-508.17,-58.01,4906,0
0.23,0.13,0.57,0.04,4957,0
0.13,0.20,0.56,0.00,5057,0
-0.07,0.12,0.62,0.02,5159,0
-0.06,0.06,0.70,0.01,5259,0
-0.01,0.12,0.68,0.02,5309,0
0.17,0.09,0.73,-0.03,5409,0
0.15,0.05,0.73,0.01,5510,0
0.10,0.08,0.70,0.04,5610,0
-0.05,0.10,0.75,0.00,5660,0
-0.06,0.01,0.75,0.03,5760,0
-0.01,0.07,0.78,-0.04,5860,0
0.08,0.12,0.75,-0.06,5960,0
0.09,0.08,0.75,0.04,6061,0
0.05,0.04,0.93,0.02,6111,0
0.08,0.05,0.96,-0.02,6211,0
-0.03,0.08,0.91,-0.03,6311,0
-0.02,0.05,0.96,-0.03,6411,0
0.06,0.06,0.99,0.03,6461,0
0.02,0.03,1.00,-0.05,6561,0
-0.03,0.05,0.94,-0.08,6662,0
0.05,0.01,0.96,-0.04,6762,0
-0.08,0.03,0.99,-0.09,6812,0
-0.03,0.03,1.00,-0.10,6912,0
0.11,0.11,1.20,-0.04,7012,0
0.11,0.05,1.20,-0.01,7113,0
0.04,0.10,1.20,-0.00,7213,0
0.09,0.13,1.22,0.06,7263,0
0.05,0.04,1.23,0.08,7363,0
0.05,0.04,1.21,0.02,7463,0
-0.02,0.06,1.21,-0.04,7563,0
0.07,0.06,1.22,-0.07,7663,0
0.09,0.09,1.31,0.02,7764,0
0.12,0.08,1.36,-0.08,7814,0
0.02,0.14,1.39,-0.09,7914,0
-0.01,0.09,1.39,-0.02,8014,0
-0.02,0.13,1.42,0.06,8114,0
0.06,0.16,1.47,-0.02,8214,0
0.01,0.08,1.47,0.12,8315,0
0.04,0.07,1.50,0.03,8365,0
0.05,0.10,1.56,-0.03,8465,0
0.03,0.10,1.47,0.00,8565,0
0.07,0.10,1.54,0.02,8665,0
0.00,0.08,1.64,-0.02,8765,0
0.03,0.12,1.68,-0.01,8866,0
-0.04,0.14,1.62,0.03,8916,0
-0.01,0.13,1.66,-0.01,9016,0
0.02,0.13,1.62,0.02,9116,0
-0.03,0.12,1.64,0.00,9216,0
0.01,0.12,1.66,0.04,9316,0
-0.00,0.13,1.68,0.05,9417,0
0.02,0.18,1.71,0.02,9467,0
0.04,0.08,1.72,0.04,9567,0
0.07,0.05,1.76,-0.01,9667,0
0.02,0.05,1.76,0.00,9768,0
0.12,0.18,1.78,-0.02,9868,0
0.05,0.19,1.81,0.01,9968,0
-0.05,0.15,1.76,0.06,10018,0
-0.01,0.10,1.86,0.01,10119,0
0.02,0.09,1.89,0.01,10175,0
-0.01,0.09,1.78,0.13,10276,0
0.03,0.16,1.82,0.16,10376,0
0.06,0.23,1.85,0.12,10476,0
0.04,0.24,1.89,0.11,11001,0
-0.02,0.23,1.95,0.11,11001,0
-0.04,0.17,1.94,0.12,11001,0
-0.01,0.19,1.98,0.12,11001,0
0.00,0.15,2.01,0.10,11001,0
-0.04,0.13,1.97,0.11,11051,0
0.01,0.24,1.97,0.11,11152,0
-0.01,0.28,1.97,0.08,11202,0
-0.06,0.22,2.02,0.06,11302,0
-0.06,0.27,2.07,0.08,11402,0
-0.13,0.21,2.07,0.08,11502,0
0.02,0.15,2.09,0.07,11603,0
0.05,0.20,2.10,0.08,11703,0
-0.06,0.20,2.14,0.08,11753,0
-0.12,0.21,2.17,0.19,11853,0
-0.09,0.30,2.17,0.10,11954,0
-0.01,0.25,2.19,0.12,12054,0
0.02,0.22,2.22,0.10,12154,0
-0.03,0.24,2.22,0.09,12254,0
-0.08,0.22,2.23,0.10,12354,0
-0.10,0.19,2.21,0.17,12405,0
-0.14,0.18,2.16,0.10,12505,0
-0.12,0.22,2.22,0.19,12605,0
-0.04,0.26,2.24,0.20,12705,0
-0.08,0.16,2.22,0.22,12806,0
-0.09,0.11,2.27,0.23,12906,0
-0.16,0.16,2.22,0.17,12956,0
-0.08,0.24,2.30,0.25,13056,0
-0.00,0.27,2.32,0.22,13157,0
-0.09,0.30,2.31,0.22,13257,0
-0.10,0.23,2.36,0.11,13357,0
-0.05,0.19,2.31,0.17,13457,0
-0.10,0.12,2.36,0.20,13507,0
-0.10,0.13,2.33,0.19,13608,0
-0.11,0.18,2.41,0.17,13708,0
-0.10,0.18,2.36,0.13,13808,0
-0.09,0.25,2.38,0.15,13908,0
-0.03,0.11,2.40,0.14,14009,0
-0.02,0.14,2.50,0.13,14059,0
-0.08,0.19,2.49,0.17,14159,0
-0.02,0.19,2.42,0.15,14259,0
0.04,0.24,2.42,0.14,14360,0
-0.03,0.19,2.38,0.10,14460,0
-0.04,0.23,2.49,0.12,14560,0
-0.05,0.22,2.55,0.11,14660,0
-0.04,0.19,2.51,0.12,14710,0
-0.08,0.26,2.47,0.12,14811,0
-0.14,0.18,2.54,0.12,14911,0
-0.05,0.18,2.54,0.22,15011,0
-0.06,0.21,2.60,0.13,15111,0
0.03,0.26,2.63,0.14,15212,0
-0.07,0.18,2.64,0.22,15748,0
-0.19,0.14,2.64,0.26,15748,0
-0.07,0.18,2.63,0.27,15748,0
-0.02,0.23,2.65,0.18,15748,0
-0.05,0.22,2.66,0.26,15748,0
-0.15,0.20,2.66,0.16,15748,0
-0.12,0.20,2.65,0.18,15798,0
-0.08,0.18,2.66,0.13,15898,0
-0.15,0.20,2.75,0.21,15998,0
-0.13,0.25,2.65,0.21,16099,0
-0.08,0.21,2.66,0.21,16199,0
-0.12,0.20,2.75,0.18,16299,0
-0.08,0.21,2.76,0.40,16399,0
-0.08,0.25,2.81,0.21,16450,0
1.28,0.79,3.27,0.21,16550,0
12.48,32.76,38.18,0.40,16650,0
102.10,178.60,202.16,53.27,16750,0
32.21,908.96,1269.58,26.46,16850,0
4.99,178.42,306.78,-1.21,16951,0
3.82,-1.96,19.77,-5.31,17001,0
2.77,-4.60,23.38,-3.76,17101,0
3.93,-4.40,24.34,-3.64,17201,0
27.73,-4.50,23.23,-2.84,17302,0
4.99,-6.01,21.55,-2.84,17402,0
4.99,-16.40,41.01,-2.84,17502,0
27.73,-4.60,23.38,-2.84,17552,0
316.00,-6.01,24.34,84.68,17652,0
1151.11,-16.40,128.96,1865.55,17753,0
208.89,-17.29,54.02,725.68,17853,0
8.13,-1.63,12.07,85.74,17953,0
6.84,-3.50,9.40,-0.97,18053,0
4.39,-1.76,9.15,0.13,18104,0
3.12,0.78,13.11,0.08,18204,0
6.33,-2.76,13.12,-1.37,18304,0
6.14,-5.67,16.42,31.71,18404,0
11.06,-2.76,13.11,0.13,18504,0
6.33,-3.50,13.12,0.13,18605,0
6.33,-5.67,16.42,31.71,18705,0
-34.31,-31.05,120.07,271.78,18755,0
-3.36,-207.76,2847.15,2345.24,18855,0
58.88,-161.60,2072.30,1181.00,18956,0
17.96,-45.10,791.04,204.23,19056,0
-1.96,3.75,83.80,8.05,19156,0
-3.22,5.32,19.01,7.63,19256,0
-2.54,5.77,19.88,8.30,19307,0
7.52,6.43,20.84,7.73,19407,0
7.52,53.59,26.24,-3.83,19507,0
7.52,5.77,59.55,-80.45,19607,0
7.52,6.43,26.24,7.63,19707,0
160.88,53.59,52.06,-3.83,19808,0
1428.33,1675.41,53.50,-211.78,19858,0
410.34,709.87,46.63,-170.71,19958,0
18.84,72.33,12.90,-45.76,20058,0
3.36,-5.06,11.56,-170.71,20159,0
2.43,-7.09,10.61,-3.56,20259,0
2.98,-4.77,14.94,-2.44,20362,0
15.79,25.28,32.85,-3.95,20412,0
99.76,297.94,14.94,-27.98,20512,0
15.79,25.28,14.94,-4.01,20613,0
15.79,25.28,32.85,-4.01,20713,0
159.91,1710.58,1713.59,-64.31,20813,0
28.96,776.91,763.90,-16.35,20913,0
-0.31,96.16,100.29,-0.27,20963,0
-1.95,-1.44,17.24,0.75,21064,0
-1.30,-1.46,20.10,1.75,21164,0
-0.54,-1.63,22.36,0.97,21264,0
8.59,6.98,119.53,-3.04,21364,0
-0.31,119.95,483.73,-0.27,21465,0
-0.31,6.98,100.29,-0.27,21565,0
8.59,6.98,119.53,-19.94,21615,0
84.76,119.95,2085.51,-15.81,21715,0
43.47,1655.27,1002.12,-17.45,21815,0
2.68,46.21,123.09,-10.21,21916,0
-2.19,-1.46,17.15,-17.10,22016,0
-3.14,0.39,18.66,-15.81,22116,0
-3.28,-0.09,20.68,2.92,22166,0
-2.78,-0.06,24.23,3.40,22267,0
-3.30,0.31,24.69,2.77,22367,0
-2.75,0.49,24.99,3.33,22467,0
-2.78,-0.93,26.66,2.92,22567,0
-2.78,-0.06,29.06,3.33,22667,0
-2.75,-0.09,24.99,3.40,22718,0
38.97,-0.93,26.66,53.45,22818,0
264.27,-10.00,29.06,284.47,22918,0
1380.42,-82.67,49.08,1544.58,23018,0
309.42,-46.27,169.61,397.74,23119,0
14.28,-8.24,41.64,13.48,23219,0
5.86,-4.76,18.86,-2.25,23269,0
28.98,-3.90,16.27,7.67,23369,0
281.23,-6.09,39.64,130.88,23470,0
1076.60,-22.06,138.27,655.52,23570,0
281.23,-21.56,41.64,130.88,23670,0
921.33,-23.11,142.49,1352.92,23770,0
102.11,-22.65,36.82,307.19,23870,0
5.36,-7.18,16.84,2.27,23921,0
3.15,-21.56,12.25,-1.04,24021,0
3.80,-21.56,27.99,6.78,24121,0
24.24,-0.69,155.51,73.87,24221,0
90.63,-28.42,36.82,328.06,24322,0
24.24,-7.18,36.82,73.87,24422,0
24.24,-7.18,155.51,73.87,24472,0
254.93,-28.42,2936.77,328.06,24572,0
135.04,-142.41,1988.72,1986.73,24672,0
18.67,-51.56,445.36,56.07,24773,0
-1.36,-2.71,21.60,4.65,24873,0
-2.98,4.50,10.83,19.19,24973,0
12.41,0.26,75.15,246.72,25023,0
57.70,-38.13,610.88,947.37,25124,0
101.94,-129.16,1695.03,1715.50,25224,0
18.67,-38.13,445.36,246.72,25324,0
87.65,-216.54,2285.37,1111.40,25426,0
15.84,-91.39,853.26,183.14,25527,0
-0.62,-7.19,76.45,5.18,25627,0
-4.65,3.63,13.83,6.56,25677,0
-3.34,4.74,13.22,7.91,25778,0
-2.96,6.12,13.75,6.86,25878,0
44.59,43.41,19.30,5.95,25980,0
-0.62,4.74,45.22,-23.96,26080,0
-0.62,6.12,19.30,5.95,26181,0
44.59,43.41,19.30,5.95,26231,0
347.14,245.73,178.83,-228.72,26331,0
1631.82,1429.36,168.84,-216.10,26432,0
687.97,564.32,123.18,-199.09,26532,0
85.40,62.49,27.86,-91.52,26632,0
27.50,16.64,144.19,-199.09,26733,0
100.67,62.67,8.09,-199.09,26783,0
473.48,261.95,34.35,-106.42,26883,0
937.39,585.06,150.84,-208.12,26984,0
671.70,526.79,34.35,-139.30,27084,0
138.53,151.77,90.52,-22.65,27185,0
9.67,5.88,8.48,-0.44,27285,0
8.11,-4.36,4.65,-1.92,27335,0
8.68,-4.70,2.72,1.13,27435,0
13.57,3.59,12.57,16.69,27536,0
9.05,4.83,28.49,24.10,27636,0
5.84,1.07,27.50,16.76,27737,0
5.17,-1.15,11.64,5.09,27837,0
5.55,-1.46,10.83,1.79,27887,0
8.68,-0.41,21.94,4.20,27988,0
9.05,1.07,21.94,16.69,28088,0
9.05,1.07,65.84,16.76,28188,0
51.95,10.14,50.23,84.16,28289,0
41.56,5.23,52.68,63.99,28389,0
40.34,4.75,60.42,66.48,28439,0
41.73,5.84,50.83,60.33,28540,0
41.97,6.13,49.52,57.24,28640,0
42.92,5.79,50.36,57.00,28740,0
41.97,7.49,53.96,59.80,28841,0
40.58,5.84,51.33,60.33,28941,0
41.73,0.46,50.83,59.80,29041,0
41.73,5.84,50.36,57.24,29092,0
25.78,-5.38,49.52,1.29,29192,0
41.67,4.54,13.31,26.71,29293,0
46.51,16.64,41.42,35.80,29393,0
46.45,19.21,41.84,35.18,29493,0
48.98,18.72,40.57,36.56,29594,0
64.79,21.68,43.07,50.03,29644,0
68.57,31.26,50.65,58.40,29744,0
50.91,24.34,51.50,49.22,29845,0
44.43,11.02,42.47,51.62,29945,0
44.77,19.21,40.40,57.55,30045,0
44.91,-3.06,38.41,64.20,30146,0
45.34,-7.32,34.60,70.86,30246,0
49.85,-11.57,38.22,58.40,30296,0
45.34,-12.98,40.37,64.20,30397,0
47.75,-11.42,38.07,103.69,30500,0
45.34,-7.94,38.22,69.85,30600,0
45.34,-5.98,38.07,70.86,30701,0
45.34,-5.89,34.60,-2.86,30801,0
12.53,-6.47,10.41,-4.03,30852,0
29.08,-5.82,11.73,1.22,30952,0
60.19,-5.98,27.06,34.82,31052,0
67.13,-5.89,12.98,12.92,31153,0
45.44,7.23,12.98,12.92,31253,0
38.67,4.86,58.75,47.76,31353,0
38.13,6.02,58.33,47.83,31404,0
38.58,6.19,57.56,47.63,31504,0
38.83,6.17,58.35,47.82,31604,0
39.89,6.11,58.28,50.54,31705,0
38.83,7.72,59.08,65.46,31805,0
47.08,6.17,58.35,47.83,31905,0
38.83,3.32,57.24,17.95,31956,0
38.83,6.17,58.28,47.82,32056,0
12.20,6.11,58.28,-4.53,32156,0
11.86,-7.26,12.45,-5.37,32257,0
11.94,-6.90,13.11,-5.20,32357,0
11.90,-7.07,13.12,-5.36,32458,0
11.86,-6.99,13.35,-5.12,32508,0
12.34,-6.84,13.33,-5.14,32608,0
11.94,-5.94,13.12,-5.29,32708,0
11.94,-6.90,13.11,-5.03,32809,0
12.34,-6.84,13.11,-5.14,32909,0
28.78,-5.94,-1.16,-5.12,33010,0
25.93,5.91,-0.51,-5.03,33060,0
22.48,3.77,0.30,1.56,33160,0
19.26,1.25,1.99,3.35,33260,0
17.78,-0.07,-0.51,2.61,33361,0
17.98,2.25,5.03,-3.03,33411,0
18.89,5.64,4.36,-4.83,33512,0
19.10,6.94,2.68,-5.69,33612,0
18.95,4.39,0.79,-5.22,33662,0
18.89,0.50,-0.63,-4.40,33763,0
17.98,-4.07,-1.47,-5.44,33863,0
17.98,-7.28,-1.46,-6.05,33963,0
12.84,-7.71,-1.37,-5.74,34064,0
15.37,-6.52,-1.15,-5.44,34164,0
17.78,-5.74,-1.48,-5.22,34214,0
20.45,-4.84,-0.87,-4.40,34315,0
15.37,-2.82,-1.37,2.53,34415,0
26.29,-5.74,-0.26,1.45,34515,0
25.12,-4.84,-0.87,2.14,34616,0
17.71,5.39,-0.26,1.45,34716,0
14.62,4.26,-0.20,2.14,34766,0
20.45,2.24,61.07,2.53,34867,0
8.30,-1.58,32.38,18.29,34967,0
9.32,2.24,5.60,-0.25,35068,0
10.22,-5.01,4.28,16.69,35168,0
14.67,0.82,4.34,-4.46,35268,0
16.41,5.53,5.00,-6.31,35319,0
12.21,0.82,42.42,1.03,35419,0
10.52,0.82,5.60,-0.25,35521,0
11.98,18.47,5.60,26.16,35622,0
12.42,16.99,74.00,24.52,35722,0
12.39,16.84,72.73,24.79,35823,0
12.34,17.15,72.72,24.73,35873,0
12.42,16.77,72.52,24.51,35973,0
12.18,16.97,72.67,24.65,36074,0
12.26,16.87,72.34,24.60,36174,0
12.36,16.94,72.45,24.66,36274,0
12.26,16.91,72.21,24.81,36375,0
12.36,16.95,72.40,24.62,36475,0
12.34,16.94,72.13,24.65,36525,0
12.35,17.02,72.22,24.80,36626,0
12.34,17.04,72.17,24.71,36726,0
12.34,17.02,72.07,24.70,36826,0
12.29,17.11,72.26,24.66,36927,0
12.41,16.96,72.22,24.60,37027,0
12.31,16.99,72.13,24.72,37077,0
12.37,16.96,72.19,24.72,37178,0
12.31,16.99,72.19,24.74,37278,0
12.32,17.06,72.12,24.79,37378,0
12.35,17.06,72.28,24.77,37479,0
12.32,16.99,72.20,24.76,37579,0
12.24,17.15,72.24,24.79,37629,0
12.24,17.17,72.31,24.79,37730,0
12.14,17.14,72.26,24.79,37830,0
12.17,17.22,72.28,24.79,37931,0
12.34,17.13,72.29,24.89,38031,0
12.42,17.13,72.28,24.81,38131,0
12.34,17.21,72.44,24.80,38232,0
12.32,17.20,72.45,24.84,38282,0
12.27,17.15,72.58,24.80,38382,0
12.26,17.17,72.50,24.79,38483,0
12.32,17.23,72.47,24.83,38583,0
12.03,17.20,72.39,24.81,38683,0
12.26,17.21,72.45,24.83,38784,0
12.12,17.23,72.45,24.84,38834,0
12.03,17.34,72.39,24.97,38934,0
12.00,17.55,58.77,25.09,39035,0
10.43,18.91,58.94,25.16,39135,0
10.55,18.83,58.91,26.61,39236,0
10.74,18.74,59.14,26.41,39336,0
10.69,18.74,59.01,26.34,39386,0
10.53,18.76,59.11,26.42,39487,0
10.46,18.79,59.24,26.46,39587,0
10.71,18.82,59.26,26.57,39687,0
10.60,18.83,59.41,26.55,39788,0
10.51,18.79,59.42,26.48,39888,0
10.53,18.86,59.53,26.55,39939,0
10.52,18.88,59.57,26.46,40039,0
10.43,18.83,59.56,26.47,40139,0
10.43,18.77,59.59,26.50,40240,0
10.50,18.81,59.72,26.56,40340,0
10.56,18.88,59.70,26.50,40440,0
10.62,18.96,59.70,26.62,40495,0
10.42,18.95,59.76,26.59,40595,0
10.36,18.88,59.84,26.55,40696,0
10.45,18.90,59.81,26.50,40796,0
10.52,18.99,59.86,26.56,40896,0
10.50,18.90,59.97,26.61,40997,0
10.45,18.94,59.99,26.58,41047,0
10.50,18.88,59.99,26.52,41147,0
10.42,18.81,59.99,26.65,41248,0
10.50,18.92,60.01,26.58,41348,0
10.50,18.79,59.99,26.61,41448,0
10.50,18.88,59.99,26.65,41549,0
30.96,20.62,60.01,26.73,41649,0
24.85,18.88,63.82,76.68,41699,0
26.11,25.03,94.21,64.81,41800,0
33.87,23.74,113.93,88.78,41900,0
25.75,28.44,94.21,112.89,42000,0
24.45,31.49,96.63,93.52,42101,0
26.11,25.91,150.75,122.17,42201,0
26.11,28.44,183.09,143.43,42251,0
47.16,41.96,195.40,135.92,42352,0
48.84,37.15,187.02,141.72,42452,0
56.44,31.88,186.38,153.31,42552,0
70.31,29.92,180.84,169.00,42653,0
48.84,30.75,169.14,143.43,42753,0
56.44,42.14,186.38,153.31,42804,0
70.31,37.15,187.02,169.00,42904,0
155.67,57.33,600.96,491.27,43004,0
162.63,46.81,487.47,414.91,43105,0
184.06,36.76,287.98,370.26,43205,0
183.82,26.05,148.95,321.61,43305,0
185.27,29.17,117.21,298.92,43406,0
158.99,33.56,104.71,297.21,43456,0
162.63,28.06,80.21,208.76,43556,0
162.63,18.85,68.10,135.41,43657,0
86.10,16.53,62.50,297.21,43757,0
95.71,18.82,62.01,107.18,43857,0
112.92,18.46,64.86,124.79,43958,0
131.45,16.74,71.07,160.08,44008,0
127.80,14.71,75.92,197.21,44108,0
108.09,13.71,72.62,182.29,44209,0
83.60,18.42,65.96,141.03,44309,0
108.09,19.68,52.80,67.29,44410,0
108.09,13.60,65.96,40.59,44510,0
20.22,14.71,65.96,20.30,44560,0
26.78,3.66,14.93,24.62,44661,0
47.02,10.97,18.23,46.77,44761,0
61.18,18.14,23.71,66.16,44861,0
65.09,18.24,24.10,72.63,44962,0
71.82,19.17,37.72,77.61,45062,0
109.02,24.52,23.71,116.13,45112,0
65.09,18.24,24.10,72.63,45213,0
71.82,19.17,37.72,77.61,45313,0
109.02,24.52,51.62,116.13,45413,0
329.14,40.31,79.05,392.34,45519,1
439.51,141.42,121.72,468.88,45620,0
273.32,86.89,169.26,318.53,45720,0
329.14,115.58,216.23,392.34,45770,0
439.51,141.42,298.19,468.88,45871,0
1484.98,228.20,1343.89,1230.84,45971,0
1027.87,978.11,1569.32,1403.41,46072,0
702.82,548.71,865.82,1153.17,46172,0
610.09,227.68,486.99,856.04,46273,0
529.97,108.72,423.92,766.32,46323,0
475.32,80.34,370.44,649.63,46423,0
471.39,91.37,344.79,563.50,46524,1
633.45,228.19,382.77,718.51,46624,0
610.09,516.92,633.37,1041.78,46725,0
610.09,227.68,423.92,1145.13,46825,0
633.45,228.19,423.92,1101.96,46875,0
1311.42,830.88,1094.03,1295.58,46976,1
992.40,606.77,1493.61,1421.14,47076,0
763.98,319.23,637.55,1051.12,47177,0
695.42,238.92,524.46,883.33,47277,0
643.18,207.42,485.92,806.83,47378,0
614.83,201.61,471.02,749.38,47480,1
684.58,239.58,535.71,754.42,47530,0
922.36,406.37,763.70,896.87,47631,0
695.42,239.58,535.71,1107.82,47731,0
695.42,239.58,535.71,883.33,47831,0
1116.46,701.44,1440.60,896.87,47931,0
814.63,363.78,909.57,1310.82,48031,0
691.83,189.25,530.95,985.18,48082,0
608.07,153.47,462.52,842.70,48182,0
559.04,122.44,421.32,727.65,48282,0
541.54,106.19,413.13,672.98,48382,0
542.33,110.44,412.06,651.49,48482,0
569.19,135.60,432.44,652.44,48582,0
593.74,153.15,457.86,676.82,48633,0
621.82,143.42,462.54,768.16,48733,0
569.19,156.46,480.70,676.82,48833,0
593.74,193.93,506.22,676.82,48934,1
621.82,153.15,462.54,1003.05,49034,0
651.43,156.46,480.70,810.03,49134,0
706.02,193.93,506.22,1265.51,49234,0
1129.18,278.89,586.69,1485.90,49285,0
771.61,534.11,938.10,1230.92,49385,0
565.97,243.43,425.04,775.70,49485,0
525.58,107.71,388.32,671.01,49585,0
512.81,80.73,381.24,636.88,49686,1
534.92,87.09,394.99,637.92,49736,0
703.59,125.93,525.17,721.15,49836,0
565.97,282.88,807.86,961.64,49936,0
565.97,125.93,425.04,721.15,50036,0
1026.71,125.93,525.17,721.15,50137,0
728.49,482.33,1030.35,1211.30,50237,0
621.37,206.57,520.89,915.35,50337,0
589.72,111.82,430.68,797.81,50387,0
555.92,103.77,417.76,742.80,50487,0
554.37,111.76,407.34,691.06,50588,0
626.35,154.80,425.55,701.47,50688,1
621.37,326.77,561.13,803.52,50788,0
621.37,154.80,430.68,797.81,50888,0
626.35,154.80,430.68,797.81,50938,0
882.58,351.76,561.13,1320.11,51039,0
682.99,148.71,938.08,975.66,51139,0
629.10,96.55,480.15,864.53,51239,0
601.83,82.42,433.72,805.09,51339,1
636.36,112.87,426.02,811.64,51440,0
902.26,251.19,741.91,1021.35,51490,0
682.99,148.71,955.89,1295.77,51590,0
682.99,148.71,1113.31,1398.95,51690,0
806.05,273.10,914.75,1327.17,51790,0
613.16,52.19,430.09,956.29,51891,0
578.69,23.15,350.88,842.63,51991,1
586.22,28.31,360.23,801.60,52041,0
743.89,95.30,477.67,840.33,52141,0
1047.93,252.86,727.20,1070.26,52242,0
1161.75,95.30,947.16,1299.15,52342,0
886.73,317.52,477.67,956.29,52442,0
688.63,82.24,578.06,1129.56,52542,0
645.39,20.75,417.89,947.42,52642,0
630.57,13.07,394.73,906.22,52693,0
694.01,24.12,416.93,888.38,52793,0
904.20,88.18,529.47,979.60,52893,1
694.01,222.95,723.24,1181.99,52993,0
966.02,82.24,529.47,979.60,53093,0
424.70,165.11,650.37,482.57,53194,0
182.38,25.48,238.66,171.29,53244,0
183.64,27.14,141.25,202.57,53344,0
226.06,52.11,153.21,269.05,53444,0
263.06,67.85,186.07,324.77,53545,0
296.74,86.67,249.68,359.85,53645,1
429.03,108.71,381.26,470.41,53745,0
263.06,67.85,238.66,324.77,53795,0
296.74,86.67,249.68,359.85,53895,0
695.69,108.71,651.30,869.49,53996,0
487.13,219.65,429.52,686.74,54096,0
453.76,92.23,364.34,636.08,54196,0
434.89,82.36,348.86,614.03,54296,1
468.09,70.76,360.64,585.19,54346,0
672.01,219.12,503.13,675.32,54447,0
487.13,338.55,429.52,675.32,54547,0
829.39,298.70,429.52,675.32,54647,0
550.32,132.49,863.53,1117.95,54747,0
296.71,53.66,368.78,614.66,54848,0
190.62,43.12,163.57,308.35,54898,0
223.27,51.29,128.60,230.34,54998,1
414.02,124.86,190.59,302.79,55098,0
743.63,296.93,416.34,530.64,55198,0
414.02,124.86,671.25,936.20,55299,0
899.40,473.37,755.87,869.14,55399,0
398.72,199.31,695.49,430.17,55499,0
163.95,49.63,289.93,155.71,55549,0
151.08,39.77,119.14,150.65,55649,1
224.09,57.94,178.21,221.49,55750,0
468.39,155.39,386.92,430.60,55800,0
813.13,333.90,654.16,756.22,55900,0
969.50,155.39,763.03,916.81,56000,0
845.71,446.93,781.87,940.81,56050,0
508.09,299.79,638.69,787.25,56151,0
184.11,105.52,240.70,349.37,56251,0
169.49,35.67,638.69,756.22,56351,0
240.06,50.32,144.84,243.57,56451,0
359.64,86.63,216.14,335.96,56552,1
699.00,205.84,447.36,569.15,56602,0
359.64,105.52,240.70,349.37,56702,0
918.30,105.52,240.70,349.37,56802,0
458.65,331.30,599.86,815.67,56902,0
190.73,109.25,242.54,366.26,57003,0
213.83,41.71,125.98,170.72,57103,0
324.44,53.55,158.70,242.73,57203,1
613.76,117.58,282.51,406.61,57253,0
1031.11,277.03,552.84,746.36,57353,0
458.65,117.58,282.51,406.61,57454,0
1216.53,117.58,282.51,1154.98,57554,0
1101.27,500.77,785.87,1166.76,57654,1
846.98,436.79,899.39,1284.07,57754,0
1031.11,278.78,1136.09,914.09,57804,0
1031.11,436.79,367.75,1154.98,57905,0
220.87,436.79,566.01,1154.98,58005,0
274.16,-33.86,999.61,900.50,58105,0
383.46,-85.73,1336.79,1410.64,58205,0
466.44,-145.84,1341.61,1694.70,58305,0
503.78,-166.69,1196.58,1739.12,58356,0
530.50,-225.20,1052.10,1707.40,58456,0
554.41,-239.88,950.91,1686.75,58556,0
608.70,-246.53,893.23,1761.52,58656,0
660.09,-225.85,741.88,2033.46,58756,0
682.21,-207.60,561.85,1739.12,58857,0
697.88,-207.03,524.02,2157.86,58907,0
638.19,-207.10,507.71,1756.30,59007,0
556.97,-207.05,450.70,1307.65,59108,0
520.47,-207.02,403.79,1030.43,59208,0
538.57,-207.07,399.77,993.57,59309,0
559.41,-207.07,420.86,1151.64,59409,0
585.76,-207.08,436.11,1326.70,59459,0
559.41,-207.07,491.02,1518.79,59560,0
559.41,-207.10,436.11,1307.65,59660,0
678.51,-206.98,436.11,2268.48,59760,0
633.19,-206.96,491.02,1985.90,59861,0
514.61,-207.07,959.97,1214.19,59961,0
633.19,-206.98,335.26,437.22,60062,0
633.19,-206.96,217.34,155.04,60112,0
91.70,-192.76,133.58,88.52,60212,0
74.42,-0.21,85.69,66.00,60313,0
81.82,5.45,86.17,83.67,60413,0
83.10,23.17,76.03,109.36,60513,0
69.67,30.25,64.81,101.85,60614,0
72.90,30.22,57.72,93.65,60664,0
73.87,27.34,43.52,84.57,60768,0
68.77,18.74,48.29,88.57,60869,0
68.95,12.83,93.37,109.82,60969,0
72.60,15.22,64.81,101.85,61069,0
69.67,16.35,64.81,101.85,61170,0
68.95,6.66,93.37,109.82,61220,0
48.46,9.58,291.77,221.15,61320,0
74.78,16.39,326.55,248.61,61421,0
104.82,24.45,337.79,273.80,61521,0
128.34,16.35,314.03,285.02,61622,0
146.61,16.39,312.01,301.34,61722,0
144.24,38.87,314.03,384.31,61822,0
134.71,27.60,379.15,246.06,61873,0
124.24,24.79,326.55,172.51,61973,0
111.86,23.88,314.03,147.14,62073,0
106.21,31.73,76.20,131.56,62174,0
139.21,38.07,97.96,177.75,62274,0
175.44,34.65,139.51,262.93,62375,0
179.92,22.10,151.08,291.90,62425,0
184.95,13.82,154.68,291.22,62525,0
188.91,19.92,162.68,270.25,62626,0
216.36,19.86,180.52,317.50,62726,1
184.95,-0.32,208.69,430.62,62826,0
188.91,19.86,162.68,291.90,62927,0
294.04,-11.97,247.84,317.50,62978,1
331.30,11.07,268.88,581.40,63078,0
280.62,11.07,227.92,694.84,63179,0
294.04,11.07,247.84,579.57,63279,0
331.30,11.07,268.88,581.40,63379,0
803.84,296.20,458.02,694.84,63479,0
563.16,50.78,981.77,1343.25,63529,0
500.87,0.44,517.18,1044.95,63630,0
491.03,1.52,443.33,927.91,63730,0
464.68,8.08,424.91,853.43,63830,0
465.68,18.43,404.29,799.52,63931,0
545.19,39.08,429.97,908.55,64031,1
500.87,18.43,539.83,1167.87,64081,0
500.87,18.43,443.33,927.91,64181,0
545.19,39.08,443.33,927.91,64282,0
1095.42,457.03,539.83,1508.97,64382,0
765.51,178.67,928.57,1483.55,64482,0
637.02,-21.14,628.05,1309.99,64582,0
593.26,-76.59,540.25,1190.36,64682,0
551.09,-78.24,503.17,1471.00,64733,0
515.13,-65.60,472.32,973.90,64833,0
501.99,-50.55,452.79,880.28,64933,0
532.19,-31.17,463.29,844.64,65033,1
551.09,8.58,581.53,969.32,65133,0
551.09,-50.55,503.17,973.90,65234,0
551.09,-31.17,503.17,973.90,65284,0
1211.09,8.58,952.53,1526.70,65384,0
926.32,344.78,873.06,1481.58,65484,0
705.42,93.26,704.40,1379.78,65584,0
627.03,-26.38,549.28,1201.23,65685,0
587.03,-41.52,499.57,1105.70,65785,0
558.85,-39.02,472.23,1042.02,65835,0
562.20,-32.78,458.22,983.19,65935,0
659.85,-10.71,481.41,960.39,66035,1
627.03,59.53,626.32,1072.92,66136,0
627.03,-26.38,499.57,1072.92,66236,0
659.85,-10.71,499.57,1072.92,66336,0
1076.56,363.73,1033.78,1430.38,66436,0
786.04,305.52,816.95,1251.49,66487,0
528.85,141.30,480.01,905.81,66587,0
467.68,-73.74,403.41,852.04,66687,0
442.14,-93.35,387.36,876.93,66787,0
427.93,-97.87,374.67,838.18,66887,0
432.39,-84.92,373.23,812.86,66988,0
464.12,-44.72,385.34,807.53,67038,1
464.12,49.43,387.36,909.59,67138,0
464.12,-73.74,387.36,852.04,67238,0
464.12,-44.72,387.36,876.93,67338,0
1095.78,356.93,1005.86,1432.00,67439,0
702.82,197.70,883.17,1282.69,67539,0
343.91,23.79,385.36,723.21,67589,0
208.56,-35.62,801.71,1233.22,67689,0
130.29,-9.48,135.57,1233.22,67789,0
129.85,5.35,83.16,141.90,67890,0
278.21,-80.21,131.02,273.89,67990,0
438.11,-187.14,316.96,797.82,68090,0
496.77,-189.38,418.91,418.74,68140,0
564.21,-200.97,457.17,418.74,68240,0
609.14,-226.54,509.60,1794.36,68341,0
589.12,-220.37,540.70,2034.96,68441,0
561.34,-207.70,519.86,1860.96,68542,0
533.52,-207.18,476.76,1521.79,68642,0
483.93,-207.11,428.50,1197.14,68692,0
561.34,-207.04,378.63,969.70,68792,0
399.91,-207.03,352.66,811.85,68893,0
402.71,-205.52,354.40,756.40,68993,0
385.05,-207.04,346.80,711.91,69094,0
370.42,-206.10,334.57,654.34,69194,0
399.72,-205.28,352.91,735.80,69244,0
428.53,-205.52,381.63,901.44,69345,0
433.90,-203.61,384.73,756.40,69445,0
450.88,-207.06,354.40,756.40,69545,0
427.21,-207.06,397.49,1255.85,69646,0
397.48,-207.13,370.31,1206.55,69746,0
398.59,-207.15,340.90,1032.60,69846,0
421.48,-207.15,332.07,965.57,69897,0
409.51,-207.15,336.69,1014.46,69997,0
392.13,-207.09,333.35,963.06,70097,0
384.13,-207.06,325.17,792.88,70198,0
373.83,-207.13,318.84,659.59,70298,0
363.67,-207.09,332.07,963.06,70398,0
352.82,-207.06,308.66,591.14,70449,0
373.83,-206.92,307.07,407.40,70549,0
363.67,-205.21,310.86,176.59,70649,0
352.82,-205.19,308.66,160.57,70750,0
168.99,-203.58,307.07,318.55,70850,0
181.46,-53.94,121.89,337.22,70955,0
194.00,-9.93,69.88,252.89,71005,0
202.50,2.62,38.49,223.55,71106,0
181.46,-11.52,47.29,259.51,71206,0
250.57,-7.36,58.92,282.87,71307,0
251.89,-1.78,61.40,299.26,71407,0
244.41,-9.05,65.24,261.26,71507,0
233.75,3.40,70.77,226.88,71558,0
258.56,-1.78,78.87,273.19,71658,0
266.74,9.69,65.24,323.93,71758,0
257.81,-7.57,70.77,333.76,71859,0
254.60,-1.78,78.87,299.26,71959,0
277.47,-7.57,94.06,323.93,72059,0
258.56,-7.57,111.76,333.76,72160,0
266.74,-90.66,241.59,577.42,72210,0
326.41,-80.92,239.69,557.19,72310,0
339.74,-108.77,261.86,659.10,72411,0
276.77,-107.34,282.32,727.83,72511,0
307.19,-101.18,213.06,459.87,72612,0
307.19,-90.66,239.69,568.88,72712,0
18.86,15.58,239.69,557.19,72762,0
18.63,16.00,21.79,16.41,72863,0
18.00,17.03,24.73,16.21,72963,0
17.29,17.40,25.11,18.39,73063,0
17.30,18.21,25.98,18.35,73164,0
19.15,18.05,27.10,20.07,73264,0
18.63,14.53,25.83,18.35,73315,0
18.63,17.03,25.98,18.39,73415,0
19.15,17.03,27.10,20.07,73515,0
97.67,-17.90,119.35,196.35,73616,0
131.71,-16.11,141.21,247.68,73716,0
156.06,-24.49,196.01,357.82,73816,0
161.13,-38.84,121.46,415.01,73917,0
186.46,-24.49,141.21,247.68,73967,0
252.70,-27.26,196.01,632.29,74067,0
161.13,-38.84,247.27,415.01,74168,0
318.96,-110.03,629.76,470.25,74268,0
266.78,-90.69,545.85,842.44,74368,0
270.50,-66.29,458.34,668.48,74469,0
295.62,-70.00,532.58,791.16,74519,0
240.42,-73.86,527.20,816.86,74619,0
197.26,-59.18,412.12,618.38,74720,0
193.00,-66.50,527.20,791.16,74820,0
218.16,-60.15,351.54,583.89,74921,0
256.76,-61.92,402.05,702.55,75021,0
267.92,-68.52,457.93,681.39,75071,0
270.37,-67.74,448.18,653.97,75172,0
302.25,-65.49,504.15,762.14,75272,0
352.40,-62.13,591.86,927.68,75372,0
270.37,-57.03,457.93,702.55,75473,0
414.66,-56.66,702.72,762.14,75573,0
403.54,-53.68,665.68,1053.97,75623,0
433.60,-55.81,702.48,1110.54,75724,0
485.90,-61.51,804.95,1301.20,75824,0
519.23,-57.03,874.59,1407.46,75925,0
505.49,-62.11,863.10,1378.18,76028,0
380.33,-56.66,674.26,1116.68,76128,0
433.60,-55.81,702.48,1116.68,76178,0
433.60,-55.81,702.48,1116.68,76279,0
23.49,13.66,30.86,27.97,76379,0
21.91,16.69,24.40,32.99,76479,0
88.86,0.43,37.37,59.68,76580,0
223.60,-0.46,123.39,319.62,76680,0
88.86,-0.46,220.23,119.42,76781,0
88.86,-0.46,88.84,119.42,76831,0
681.21,-181.08,358.56,319.62,76931,0
690.86,-220.63,454.00,1491.28,77032,0
652.65,-201.86,446.39,1393.41,77132,0
705.71,-200.91,418.08,1516.52,77232,0
790.44,-229.90,485.50,1733.76,77333,0
919.56,-244.87,563.93,2211.14,77383,0
904.08,-221.91,549.69,2172.07,77484,0
804.38,-207.34,499.17,1787.77,77584,0
756.71,-207.15,468.78,1597.54,77684,0
763.69,-207.04,463.74,1602.10,77785,0
774.25,-207.09,460.78,1636.19,77885,0
779.40,-207.03,456.47,1649.76,77935,0
777.98,-206.99,449.80,1667.21,78036,0
787.17,-207.09,442.02,1716.51,78136,0
765.87,-207.05,435.96,1753.58,78236,0
774.25,-207.11,449.80,1563.69,78337,0
774.25,-207.13,442.02,1649.76,78437,0
667.08,-207.16,394.63,1649.76,78537,0
686.55,-207.08,416.88,1281.20,78588,0
721.87,-207.03,446.54,1305.23,78688,0
762.34,-207.13,416.91,1417.72,78788,0
736.46,-207.02,473.29,1497.82,78889,0
660.00,-207.06,447.18,1334.75,78989,0
659.24,-207.08,417.44,1139.57,79090,0
708.42,-206.99,421.35,1171.56,79140,0
742.30,-207.07,440.18,1317.83,79240,0
683.22,-207.06,452.42,1136.71,79341,0
683.22,-207.02,440.18,824.36,79391,0
509.05,-204.35,375.68,766.48,79491,0
659.24,-206.38,351.51,1136.71,79592,0
446.52,-206.06,364.36,608.28,79642,0
456.20,-205.87,425.18,680.56,79742,0
421.84,-205.87,383.13,571.37,79843,0
395.30,-204.35,375.68,472.46,79943,0
421.10,-204.35,276.21,560.57,80043,0
431.49,-146.38,295.75,631.71,80144,0
421.84,-126.96,272.46,538.69,80194,0
421.10,-87.02,223.06,410.60,80294,0
395.30,-67.08,192.99,538.69,80395,0
213.49,-62.17,272.46,265.41,80495,0
218.26,-61.30,165.91,258.28,80596,0
219.42,-61.91,168.18,307.18,80696,1
172.52,-48.14,155.47,272.56,80747,0
145.88,-34.56,127.41,202.66,80847,0
213.49,-61.30,115.87,176.18,80947,0
58.29,-48.14,155.47,258.28,81054,0
32.53,11.60,51.71,80.18,81155,0
33.71,17.53,37.16,60.74,81255,0
30.67,19.26,38.75,67.45,81305,0
41.36,21.17,36.65,50.67,81406,0
41.36,12.74,108.15,80.18,81506,0
41.36,12.74,51.71,80.18,81607,0
41.36,12.74,51.71,80.18,81707,0
355.74,-21.15,267.10,562.79,81807,0
388.62,28.44,281.29,537.37,81908,0
394.90,74.53,294.22,461.77,81958,0
405.93,112.51,297.51,426.22,82059,0
417.66,129.59,308.07,446.08,82159,0
403.33,141.59,307.74,435.96,82259,0
444.14,136.70,332.63,546.89,82360,0
405.93,89.94,307.74,461.77,82460,0
417.66,49.44,308.07,461.77,82510,0
444.14,112.51,332.63,546.89,82611,0
661.71,4.70,571.81,1175.08,82711,0
753.81,28.58,585.65,1043.25,82811,1
650.15,49.44,767.92,1150.78,82912,0
661.71,49.44,571.81,1489.93,83012,0
1342.36,501.82,585.65,1163.25,83063,0
1057.50,237.61,1238.85,1175.08,83163,0
917.09,133.40,866.27,1507.22,83263,0
874.26,118.90,707.49,1397.76,83364,0
822.38,116.58,675.75,1318.05,83464,0
796.55,127.93,639.52,1205.99,83564,0
848.10,169.45,625.28,1215.58,83665,0
874.26,133.40,904.64,1469.08,83715,1
874.26,133.40,707.49,1397.76,83816,0
874.26,169.45,707.49,1397.76,83916,0
1682.38,699.61,1228.07,1856.10,84016,0
1601.12,684.22,1224.13,1805.63,84117,0
1512.50,633.86,1260.85,1869.70,84217,0
1148.71,383.15,1206.97,1819.70,84268,0
1512.50,633.86,1224.13,1819.70,84368,0
1512.50,633.86,1224.13,1819.70,84468,0
776.68,61.63,1206.97,1805.63,84569,0
744.08,69.11,571.47,1104.72,84669,0
732.29,92.51,544.77,1003.24,84769,0
910.71,171.09,609.19,1006.89,84820,0
807.61,92.51,609.19,1281.22,84920,1
807.61,92.51,609.19,1223.47,85021,0
1661.51,171.09,609.19,1723.03,85121,0
1346.51,645.31,1245.67,1709.57,85221,0
940.09,358.01,962.93,1405.61,85322,0
866.08,162.54,626.98,1169.61,85372,0
825.58,130.62,611.83,1200.36,85472,0
815.66,130.94,578.53,1116.13,85573,1
981.38,162.75,601.98,1068.60,85673,0
1312.73,311.78,762.07,1212.57,85774,0
940.09,162.75,626.98,1200.36,85874,0
1464.54,162.75,626.98,1701.00,85925,0
1110.73,497.10,1062.67,1464.16,86025,0
746.64,277.67,600.43,960.69,86569,0
666.16,98.25,463.56,827.71,86569,0
655.86,70.87,456.62,811.64,86569,0
657.18,84.73,457.86,781.42,86569,0
693.09,96.59,485.34,810.91,86569,0
741.35,106.79,521.59,912.49,86570,0
693.09,117.16,576.37,827.71,86670,0
693.09,98.25,485.34,827.71,86770,1
741.35,106.79,521.59,912.49,86871,0
828.19,117.16,576.37,1020.44,86971,0
1562.32,539.99,1196.86,1831.40,87071,0
1312.51,399.22,1285.30,1818.26,87122,0
803.47,178.52,1036.19,1409.99,87222,0
619.80,78.35,1036.19,1533.91,87322,0
620.60,82.20,428.28,703.18,87423,0
614.34,103.03,421.65,684.35,87523,0
725.49,129.70,441.92,681.21,87624,1
1114.68,273.61,587.91,850.45,87674,0
725.49,129.70,896.43,1285.81,87774,0
725.49,129.70,499.38,782.20,87874,0
1290.75,473.79,587.91,850.45,87974,0
751.40,200.53,654.24,897.17,88075,0
574.67,67.91,399.47,694.09,88175,0
611.10,70.38,426.39,732.36,88225,0
632.47,105.66,434.21,723.49,88326,0
671.86,117.85,464.48,785.89,88426,0
783.35,133.34,540.28,934.86,88526,1
671.86,235.02,464.48,785.89,88626,0
671.86,117.85,464.48,785.89,88727,0
783.35,133.34,540.28,1659.48,88827,0
1669.39,692.94,1372.15,1871.70,88877,0
1062.26,509.97,1293.31,1612.48,88977,0
559.28,210.35,529.24,1551.05,89077,0
539.62,93.67,368.65,1551.05,89178,0
551.38,96.54,392.62,718.46,89278,0
572.92,99.42,403.70,686.56,89328,0
628.20,99.35,433.26,722.20,89428,0
772.17,132.57,486.74,839.62,89528,1
572.92,99.42,433.26,722.20,89629,0
628.20,99.42,433.26,722.20,89729,0
772.17,132.57,486.74,839.62,89829,0
1569.91,634.25,657.63,2025.41,89929,0
800.24,413.04,1322.45,1789.40,89980,0
450.78,160.77,525.36,789.63,90080,0
484.22,86.54,337.90,572.81,90180,0
507.40,86.35,355.57,678.66,90280,0
566.64,96.16,408.75,769.57,90380,0
689.30,113.41,502.63,955.47,90480,0
839.40,130.21,597.97,1113.43,90531,1
566.64,113.41,502.63,789.63,90631,0
689.30,113.41,502.63,1665.52,90731,0
1396.03,130.21,1139.35,1685.02,90831,0
702.66,445.27,1077.32,1291.10,90932,0
257.09,145.41,397.59,1291.10,91032,0
274.68,-3.05,191.72,375.93,91132,0
349.57,-30.83,250.98,550.31,91182,0
401.36,-45.25,303.22,672.22,91282,0
456.08,-30.05,339.70,739.49,91383,1
683.60,59.92,408.70,819.64,91483,0
401.36,-3.05,339.70,672.22,91583,0
456.08,-3.05,339.70,739.49,91683,0
1665.76,59.92,408.70,819.64,91734,0
1201.31,414.52,1009.77,1675.78,91834,0
609.01,122.48,1116.98,1569.90,91934,1
313.15,-17.79,638.83,1569.90,92034,0
312.93,-40.46,983.96,1569.90,92134,0
354.98,-36.64,983.96,537.47,92235,0
386.18,-18.34,311.02,605.30,92285,0
458.24,7.76,355.92,718.78,92385,0
617.80,67.73,453.19,876.41,92485,1
386.18,-17.79,355.92,718.78,92585,0
458.24,7.76,355.92,718.78,92686,0
617.80,67.73,453.19,876.41,92786,0
1487.14,482.31,1400.13,2172.41,92836,0
942.56,204.96,1078.32,1667.05,92936,0
701.91,31.95,580.24,1211.04,93037,0
665.69,0.33,532.23,1147.52,93137,0
600.38,15.51,479.47,955.66,93237,0
566.96,20.89,448.96,867.23,93337,0
592.29,2.88,476.21,943.87,93387,0
702.26,18.94,522.44,998.19,93487,0
665.69,18.94,651.60,1153.04,93588,1
665.69,18.94,522.44,998.19,93688,0
702.26,20.89,522.44,998.19,93788,0
1415.93,475.68,1140.99,1879.45,93889,0
911.69,266.27,1182.32,1765.32,93939,0
623.15,23.28,675.68,1162.81,94039,0
591.47,-37.53,493.08,979.00,94139,0
577.62,-27.75,477.15,936.11,94239,0
642.18,-12.25,464.36,895.40,94339,0
945.48,44.12,517.84,963.13,94440,1
642.18,186.74,953.27,1321.48,94540,0
642.18,23.28,517.84,979.00,94590,0
1764.27,44.12,517.84,979.00,94690,0
1267.16,432.66,1105.98,1811.06,94791,0
706.41,184.54,571.51,1194.68,94891,0
558.22,-78.69,469.74,1143.73,94991,0
519.45,-162.08,447.21,1107.94,95091,0
528.65,-136.83,431.70,996.26,95141,0
694.42,-39.43,493.48,1057.95,95241,0
1098.32,153.40,682.02,1403.13,95342,1
694.42,-39.43,493.48,1143.73,95442,0
694.42,-39.43,493.48,1143.73,95542,0
1418.80,360.50,1085.38,1994.91,95642,0
785.35,42.73,818.61,1456.34,95693,0
571.19,-121.64,481.09,1123.68,95793,0
579.45,-142.28,464.72,1183.08,95893,0
593.60,-148.01,471.40,1209.69,95993,0
604.02,-151.95,484.62,1243.48,96093,0
657.65,-140.85,492.80,1263.29,96194,1
604.02,-60.81,545.07,1372.22,96294,0
604.02,-140.85,484.62,1243.48,96344,0
657.65,-140.85,492.80,1263.29,96444,0
1893.96,-60.81,545.07,1372.22,96544,0
1824.99,465.34,1068.69,2312.24,96645,0
1347.84,296.26,1018.88,2196.76,96745,0
811.33,6.02,638.63,2166.96,96845,0
638.37,292.04,924.11,2166.96,96895,0
623.20,-105.07,480.90,1164.48,96995,0
626.13,-122.39,489.84,1171.23,97096,0
613.09,-132.24,486.60,1194.11,97196,0
615.74,-122.37,482.35,1211.31,97296,0
654.61,-122.15,498.68,1225.00,97396,0
626.13,-103.75,489.84,1194.11,97447,1
626.13,-122.15,489.84,1211.31,97547,1
654.61,-122.15,498.68,1225.00,97647,0
744.40,-103.75,539.83,1315.07,97747,0
859.32,-44.32,754.90,1736.63,97848,0
1450.89,303.08,933.52,1938.81,97948,0
999.40,114.33,1073.73,1980.37,97998,0
526.93,-109.78,593.32,1302.68,98098,0
356.60,-155.69,340.27,1704.39,98198,0
349.33,-171.24,322.72,1704.39,98299,0
338.43,-169.20,336.05,748.36,98399,0
293.74,-161.18,322.71,705.88,98499,0
225.99,-146.90,287.32,560.00,98549,0
106.71,-155.69,217.34,322.64,98649,0
293.74,-155.69,322.71,705.88,98750,0
47.75,-146.90,287.32,42.32,98850,0
56.92,32.72,60.10,47.19,98950,0
78.03,43.53,69.52,63.49,99051,0
80.91,59.94,78.84,65.50,99101,0
78.35,70.80,78.59,60.49,99201,0
77.22,65.79,72.85,57.60,99302,0
71.10,50.30,62.73,54.83,99402,0
60.48,37.29,57.09,51.49,99502,0
77.22,36.01,53.91,47.71,99603,0
81.62,45.41,53.33,60.53,99703,0
95.13,53.42,56.03,57.60,99753,0
76.37,46.58,55.84,64.75,99854,0
64.06,33.82,55.84,50.28,99954,0
60.27,32.70,44.64,54.61,100055,0
66.30,32.20,53.33,57.83,100155,0
67.96,32.68,43.63,60.53,100255,0
56.17,36.74,37.44,60.83,100306,0
71.97,33.82,43.63,38.32,100406,0
66.30,33.82,35.52,40.86,100506,0
60.86,51.81,42.61,32.61,100607,0
49.09,34.06,37.15,31.91,100707,0
47.40,31.89,35.73,33.88,100807,0
50.73,34.11,35.95,33.66,100858,0
69.78,44.81,35.95,38.33,100958,0
68.87,51.33,48.23,33.88,101058,0
56.69,37.76,43.53,44.72,101159,0
58.36,38.41,46.57,46.31,101259,0
57.10,40.54,47.18,48.06,101364,0
66.78,37.14,48.62,54.79,101415,0
75.13,40.54,48.23,48.06,101515,0
60.17,52.60,48.23,57.48,101615,0
69.48,43.60,55.40,55.90,101716,0
82.21,53.58,64.04,72.55,101816,0
85.88,63.08,70.80,57.48,101917,0
88.31,63.35,60.15,58.05,101967,0
90.36,53.99,48.71,56.86,102067,0
86.90,42.96,47.02,65.90,102167,0
85.42,48.83,53.50,78.26,102268,0
85.88,53.31,58.79,70.22,102368,0
85.88,46.08,51.75,52.13,102469,0
85.42,41.35,47.32,48.67,102569,0
96.76,46.08,53.53,77.08,102619,0
93.58,42.96,53.50,70.22,102720,0
62.28,19.86,66.76,67.76,102820,0
57.18,31.86,42.66,44.06,102920,0
59.69,31.50,32.11,41.21,103021,0
50.64,30.62,34.26,42.43,103121,0
50.26,29.72,33.53,39.33,103171,0
50.75,28.24,34.87,39.38,103272,0
49.64,29.20,35.79,42.19,103372,0
48.75,29.95,34.87,45.37,103473,0
49.39,29.95,34.87,46.12,103573,0
50.50,30.74,41.44,44.90,103673,0
51.24,30.62,40.49,43.43,103724,0
51.62,30.63,40.18,43.82,103824,0
50.50,31.17,40.75,47.69,103924,0
51.24,30.62,41.44,45.37,104025,0
51.62,30.62,41.44,46.12,104125,0
58.57,25.03,59.47,55.90,104225,0
53.11,31.60,42.45,41.00,104276,0
52.71,30.95,37.27,39.75,104376,0
53.37,31.76,40.03,43.89,104477,0
52.66,31.10,39.80,43.37,104577,0
52.90,31.94,39.70,44.79,104677,0
53.05,31.31,40.78,45.88,104778,0
52.82,31.54,40.34,45.90,104878,0
52.81,32.03,41.00,47.20,104928,0
52.99,31.52,40.68,46.95,105029,0
52.73,31.88,41.46,47.79,105129,0
52.75,31.71,41.18,47.66,105229,0
53.01,31.82,41.98,48.10,105330,0
52.75,31.96,41.55,48.28,105430,0
52.87,32.05,42.23,48.28,105480,0
52.97,31.81,42.11,48.82,105581,0
52.82,31.94,42.32,49.27,105681,0
52.92,32.12,42.64,49.48,105781,0
52.80,31.96,42.63,49.62,105882,0
52.87,31.96,42.32,50.65,105982,0
52.92,32.05,42.63,49.48,106033,0
52.97,32.12,42.64,49.62,106133,0
63.16,32.33,43.59,55.12,106233,0
58.36,53.42,56.71,51.11,106334,0
55.23,40.98,47.05,46.73,106437,0
60.24,41.13,47.62,48.17,106538,0
57.54,47.32,48.71,49.22,106588,0
51.75,38.39,50.10,48.69,106688,0
52.77,32.95,50.00,48.26,106789,0
55.37,34.21,45.59,47.12,106889,0
58.12,44.54,50.48,48.71,106990,0
55.05,50.88,52.79,49.00,107090,0
53.46,40.56,46.70,47.48,107140,0
53.85,34.22,44.92,47.58,107241,0
55.17,34.07,45.62,47.80,107341,0
56.25,45.56,49.56,48.31,107442,0
54.77,38.27,47.10,48.86,107542,0
54.10,35.69,46.52,48.63,107642,0
53.90,33.86,45.94,48.84,107743,0
54.50,37.26,47.80,49.29,107793,0
54.98,46.75,47.10,48.84,107893,0
53.59,41.25,57.66,50.02,107994,0
54.04,38.10,50.22,49.04,108094,0
55.07,39.61,49.74,49.60,108194,0
54.11,36.43,49.17,49.56,108295,0
54.18,36.68,48.86,49.94,108345,0
54.18,39.61,53.66,50.44,108445,0
54.18,39.61,50.22,51.20,108546,0
62.16,39.61,50.22,50.76,108646,0
61.12,71.21,67.09,51.00,108746,0
58.18,56.94,64.24,50.51,108797,0
62.88,67.13,63.02,49.88,108847,0
62.16,71.21,66.89,51.30,108947,0
62.88,76.58,67.09,51.00,109048,0
62.88,76.58,69.29,51.00,109148,0
74.17,159.76,179.05,54.57,109249,0
67.02,125.78,159.36,53.02,109349,0
61.19,88.01,122.34,50.86,109449,0
55.89,57.40,40.77,53.02,109499,0
52.80,37.58,32.73,53.02,109600,0
52.91,34.35,34.25,33.84,109700,0
54.17,36.29,41.50,34.86,109800,0
55.97,48.13,55.00,38.84,109901,0
55.04,48.62,49.25,38.55,110001,0
54.19,41.06,42.99,38.43,110051,0
53.68,37.21,41.60,39.05,110152,0
54.94,37.20,42.72,39.11,110252,0
54.52,41.33,43.11,39.30,110353,0
53.77,38.85,42.17,39.47,110453,0
55.23,35.60,42.57,39.80,110553,0
54.52,41.27,42.72,39.30,110604,0
58.27,38.85,42.72,40.78,110704,0
55.23,48.42,43.11,40.92,110804,0
56.45,41.33,45.26,40.23,110905,0
54.44,41.96,47.49,39.23,111005,0
55.44,36.61,44.34,38.94,111106,0
56.42,42.07,45.96,39.28,111156,0
56.54,44.97,46.28,39.44,111256,0
54.99,44.52,46.09,39.71,111357,0
55.45,41.12,44.42,39.51,111460,0
55.45,42.07,45.94,40.15,111560,0
56.42,57.47,45.96,39.51,111661,0
57.69,47.95,48.32,40.78,111711,0
55.61,43.39,47.17,39.34,111811,0
56.35,46.81,48.15,38.66,111912,0
60.28,57.88,50.99,38.93,112012,0
62.37,64.97,48.32,40.05,112113,0
60.03,56.17,51.32,39.90,112213,0
60.61,59.21,52.79,40.34,112313,0
60.17,72.05,51.32,39.90,112364,0
59.68,59.21,52.79,40.05,112464,0
60.17,86.09,53.12,40.34,112565,0
60.03,78.72,74.78,45.88,112665,0
59.68,67.70,217.69,86.58,112765,0
44.31,59.60,185.76,80.71,112866,0
53.74,53.87,114.20,65.82,112916,0
61.18,54.42,64.27,54.36,113016,0
65.57,64.78,56.84,52.05,113117,0
63.61,65.70,58.90,51.26,113217,0
57.58,50.77,55.68,49.19,113318,0
55.30,39.85,50.73,47.58,113418,0
58.46,42.45,50.35,48.71,113468,0
61.78,52.47,53.43,49.25,113569,0
68.01,66.02,56.25,49.29,113669,0
61.78,52.47,62.36,50.22,113769,0
74.31,52.47,67.04,50.90,113870,0
68.00,84.84,60.52,50.27,113970,0
66.58,70.76,59.43,48.76,114070,0
72.64,77.12,67.05,48.68,114121,0
72.64,114.08,62.36,49.33,114221,0
73.99,86.01,67.04,50.22,114321,0
74.31,96.13,67.05,50.27,114422,0
195.43,114.08,117.91,56.59,114522,0
206.13,455.80,420.68,56.24,114622,0
248.09,527.26,517.05,59.69,114673,0
266.46,623.49,591.85,55.59,114773,0
261.24,643.76,596.72,56.94,114874,0
279.06,658.37,625.69,56.94,114974,1
326.87,739.53,736.09,56.94,115075,0
266.46,903.79,596.72,69.32,115175,0
279.06,658.37,625.69,59.69,115225,0
326.87,739.53,736.09,56.94,115326,0
658.21,1604.57,1612.48,-1.39,115426,0
410.26,1435.45,1874.00,180.00,115527,0
178.34,973.30,2186.61,69.32,115627,0
46.41,731.99,1855.17,375.77,115727,0
78.57,997.71,2145.27,482.97,115778,0
162.21,1085.41,1874.00,515.88,115878,0
136.67,748.40,1144.66,385.19,115979,0
57.88,973.30,1874.00,241.60,116079,0
47.73,61.05,1855.17,375.77,116179,0
53.04,35.56,47.82,47.43,116280,0
54.88,32.95,53.17,34.83,116330,0
55.37,33.25,54.09,38.87,116430,0
54.79,33.20,55.08,38.86,116536,0
55.80,32.93,57.52,40.31,116636,0
56.07,32.43,58.42,40.48,116737,0
56.40,33.36,59.54,41.50,116837,0
55.80,33.20,61.47,42.46,116937,0
56.07,33.25,58.42,40.48,116988,0
61.50,33.36,59.54,44.83,117088,0
57.89,36.21,66.06,42.63,117188,0
58.02,32.78,62.30,41.78,117289,0
61.75,37.57,62.32,42.15,117389,0
64.57,43.65,64.27,42.42,117490,0
67.74,47.25,65.99,42.95,117540,0
61.75,52.90,69.06,42.63,117640,0
66.85,52.48,72.20,42.63,117741,0
59.46,41.34,71.50,45.11,117841,0
57.42,32.75,64.34,42.05,117942,0
59.06,32.23,60.94,41.69,118042,0
64.36,39.53,62.81,42.66,118092,0
69.10,51.62,72.91,44.77,118193,0
70.07,58.95,73.27,46.67,118293,0
68.05,56.67,74.14,46.29,118393,0
66.26,60.85,72.91,48.70,118494,0
64.43,91.09,73.27,46.29,118594,0
67.36,58.95,74.14,46.67,118694,0
67.36,60.85,509.27,48.70,118745,0
66.26,170.55,486.56,165.98,118845,0
64.43,161.82,450.93,161.03,118946,0
49.92,141.93,484.86,163.34,119046,0
53.11,133.31,403.55,135.09,119146,0
53.06,118.59,450.93,161.03,119247,0
57.80,96.07,450.93,161.03,119297,0
53.11,77.48,403.55,67.42,119398,0
53.11,65.89,94.39,62.45,119498,0
65.18,70.33,98.58,63.48,119598,0
67.38,73.64,103.35,63.59,119699,0
72.30,84.37,107.87,63.82,119799,0
76.18,93.55,113.27,65.16,119849,0
78.43,100.32,121.63,67.42,119950,0
72.30,84.37,107.87,63.82,120050,0
76.18,93.55,113.27,65.16,120150,1
78.43,100.32,121.63,67.42,120251,0
94.53,149.11,138.10,75.07,120351,0
136.93,283.07,240.91,113.52,120402,0
438.30,1219.40,487.76,474.56,120502,0
258.24,872.26,1668.72,615.87,120603,0
106.41,312.49,484.61,415.46,120703,0
59.07,872.26,79.71,124.85,120803,0
57.55,32.15,52.08,37.61,120904,0
54.31,32.07,53.41,35.50,120954,0
55.39,33.48,55.13,40.16,121054,0
56.28,32.30,54.58,39.83,121155,0
57.51,32.23,56.84,41.20,121255,0
57.51,41.98,62.08,44.93,121356,0
57.51,32.30,55.13,46.16,121456,0
63.93,47.30,67.23,44.89,121993,0
62.65,36.93,64.20,43.14,121993,0
67.69,42.82,65.87,44.99,121993,0
64.59,43.00,67.54,44.46,121994,0
62.51,39.14,65.82,43.40,121994,0
59.38,37.21,64.49,44.46,121994,0
59.17,35.74,65.82,40.59,122094,0
60.67,37.17,62.19,40.96,122144,0
61.76,40.24,64.70,42.30,122245,0
59.80,40.03,66.69,42.47,122345,0
60.11,37.48,66.29,41.96,122446,0
60.11,39.84,68.89,42.50,122546,0
63.82,44.69,69.62,43.86,122646,0
63.84,43.18,71.51,44.12,122697,0
63.54,43.35,71.86,42.50,122797,0
61.76,41.62,70.82,44.84,122897,0
61.21,39.74,70.23,44.44,122998,0
62.34,40.53,71.43,44.85,123098,0
61.09,41.61,72.02,44.72,123198,0
58.79,40.06,70.39,44.72,123249,0
58.46,40.53,70.82,44.72,123349,0
61.21,37.61,71.56,44.73,123449,0
61.21,40.06,71.43,44.72,123550,0
62.34,40.53,71.56,44.73,123650,0
65.87,41.61,72.02,44.73,123750,0
123.13,55.46,84.51,51.93,123851,0
123.71,179.16,238.65,103.58,123901,0
115.60,155.07,232.88,98.28,124002,0
108.44,136.12,218.73,92.01,124102,0
100.87,122.46,200.50,87.22,124202,0
103.16,126.04,183.95,84.67,124303,0
131.23,181.89,185.19,87.88,124403,1
115.60,155.07,273.03,92.01,124454,0
115.60,155.07,218.73,92.01,124554,0
131.23,181.89,218.73,92.01,124654,0
477.04,1005.47,273.03,130.30,124755,0
289.16,702.00,1152.12,502.65,124855,0
125.67,283.80,394.23,331.32,124956,0
61.84,73.40,83.88,114.59,125006,0
56.20,34.92,51.28,50.18,125106,0
56.42,30.68,53.61,39.64,125207,0
58.97,31.52,56.84,42.31,125307,0
67.91,40.50,56.53,41.45,125408,0
67.79,44.74,58.19,42.18,125508,0
71.02,45.18,61.54,42.78,125558,0
75.64,48.05,62.96,42.63,125659,0
67.91,60.52,58.19,44.80,125759,0
71.02,45.18,71.14,43.36,125859,0
75.64,48.05,73.91,41.10,125960,0
90.51,88.19,74.43,42.63,126060,0
62.06,45.58,66.66,42.63,126110,0
57.93,29.91,67.46,41.10,126211,0
56.36,27.78,67.46,30.14,126311,0
56.06,26.19,44.91,30.27,126411,0
58.93,27.66,46.79,31.73,126512,0
62.13,34.80,53.43,36.16,126615,0
59.50,35.17,53.45,34.84,126716,0
62.76,32.53,50.27,33.36,126766,0
59.50,38.01,56.63,35.52,126866,0
62.13,46.82,53.43,34.84,126967,0
62.76,35.17,53.45,35.52,127067,0
78.82,58.60,56.63,36.16,127168,0
76.10,67.92,73.83,55.45,127268,0
77.20,58.60,80.27,51.30,127319,1
78.82,58.98,82.57,52.66,127419,0
104.84,67.92,125.13,55.45,127519,0
159.92,130.19,261.77,84.26,127619,0
537.96,241.71,1372.97,567.27,127720,0
373.07,658.10,1580.20,642.52,127820,0
170.18,268.65,1187.24,387.20,127920,0
68.84,62.46,322.65,97.09,127970,0
54.13,31.23,1126.54,44.52,128070,0
56.24,27.95,52.80,39.40,128170,0
55.98,27.97,55.48,38.78,128271,0
56.10,29.38,57.46,41.19,128371,0
56.22,28.00,55.80,39.24,128421,0
56.65,28.57,58.04,41.16,128522,0
56.22,29.64,60.19,41.69,128622,0
56.24,28.57,60.72,44.52,128722,0
56.65,29.38,58.04,41.19,128823,0
95.85,29.64,68.22,41.69,128923,0
60.89,33.62,61.02,48.59,129023,0
53.36,26.39,58.22,35.59,129074,0
53.07,27.01,58.10,35.65,129174,0
54.93,26.60,56.52,36.25,129274,0
59.64,26.30,58.22,39.18,129375,0
63.22,26.74,58.10,38.49,129475,0
70.01,29.20,35.98,41.49,129575,0
73.98,26.74,38.96,43.50,129626,0
72.29,27.01,42.41,39.18,129726,0
67.10,32.85,44.08,49.71,129827,0
69.01,32.34,44.17,52.04,129927,0
68.39,30.77,44.48,49.72,130027,0
72.13,29.32,45.25,58.52,130128,0
72.13,32.34,49.73,49.72,130178,0
72.13,30.77,44.48,52.04,130278,0
72.13,29.32,45.25,58.52,130379,0
125.42,18.86,49.73,243.27,130479,0
141.98,17.70,83.15,275.71,130580,1
120.71,13.60,104.45,364.15,130680,0
125.42,18.86,79.10,243.27,130731,0
141.98,18.86,83.15,275.71,130831,0
722.94,105.30,104.45,364.15,130932,0
354.04,-39.03,1059.67,1280.09,131032,0
140.58,-59.94,162.11,500.85,131132,0
81.69,-32.14,95.95,206.29,131233,0
57.99,0.35,64.41,75.84,131333,0
50.73,25.55,54.72,35.85,131384,0
50.30,31.84,54.93,35.45,131484,0
50.79,31.49,57.82,36.67,131584,0
52.23,32.08,58.93,35.66,131637,0
58.53,29.32,64.89,78.19,131738,0
52.23,32.06,58.93,36.67,131838,0
52.23,31.84,58.93,36.67,131888,0
58.53,32.06,64.89,78.19,131989,1
70.53,32.08,75.43,103.50,132090,0
108.90,53.46,115.13,189.38,132190,0
738.96,259.13,319.70,456.53,132290,0
584.90,146.58,2197.49,1639.16,132391,0
260.22,85.23,1239.51,714.03,132441,0
83.28,26.52,313.28,193.51,132542,0
53.96,6.80,116.97,136.91,132642,0
45.61,21.66,92.72,122.65,132742,0
42.61,29.81,73.42,89.35,132843,0
51.50,25.77,59.68,97.13,132943,0
108.04,8.37,67.97,176.04,132994,0
53.96,21.06,142.69,136.91,133094,0
53.96,21.66,92.72,136.91,133194,0
280.53,21.66,92.72,176.04,133295,0
280.85,21.06,486.99,796.80,133395,0
295.61,-91.92,492.08,809.25,133495,0
334.95,-55.57,499.03,813.73,133596,0
384.92,7.81,523.37,784.37,133646,0
295.61,59.84,587.58,806.08,133746,1
334.95,131.40,499.03,916.46,133847,0
384.92,7.81,523.37,809.25,133947,0
456.52,59.84,587.58,813.73,134048,0
1193.05,581.63,1489.50,1578.60,134148,0
822.96,429.68,1318.47,1352.20,134199,0
447.73,132.86,1147.21,1077.85,134299,0
233.52,-43.60,757.78,651.70,134399,0
133.10,-72.28,1240.06,1352.20,134500,0
102.17,-59.94,204.22,239.46,134600,0
58.81,-24.32,136.04,114.63,134701,0
39.43,27.61,59.47,47.46,134751,0
38.61,38.08,49.05,43.84,134851,0
60.48,40.49,52.05,45.96,134951,0
84.11,55.03,50.63,50.83,135052,0
62.70,60.01,49.33,45.20,135152,0
60.03,46.12,50.61,40.85,135252,0
94.76,44.86,55.82,46.54,135303,0
87.84,59.19,50.63,53.66,135403,0
62.46,53.47,56.85,51.58,135503,0
61.77,43.48,52.90,46.10,135604,0
67.10,46.75,52.90,43.98,135704,0
41.56,35.06,52.90,39.83,135805,0
35.99,33.85,40.59,35.26,135905,0
37.22,33.74,41.26,35.95,135955,0
44.99,32.22,35.68,40.33,136056,0
48.30,32.55,30.91,40.33,136156,0
45.82,34.57,31.32,44.60,136256,0
46.49,35.35,33.18,45.80,136357,0
59.12,33.58,40.02,44.60,136457,0
58.68,33.43,35.68,75.71,136507,0
48.30,33.43,45.85,54.33,136608,0
84.18,33.43,53.71,75.36,136713,0
59.12,33.43,45.85,75.71,136813,0
68.59,18.77,47.85,117.44,136913,0
84.18,-73.09,53.71,476.33,137014,0
97.89,-78.24,71.95,605.42,137064,0
120.76,-68.70,101.96,806.43,137164,1
174.03,-37.77,133.52,476.33,137265,0
273.95,-58.59,177.04,605.42,137365,0
1240.13,-124.04,252.84,806.43,137465,0
828.50,-73.09,982.71,2367.30,137565,0
411.24,-196.09,444.28,1403.82,137615,0
194.52,-150.52,228.84,746.81,137716,0
75.98,-45.98,91.95,299.26,137816,0
37.89,31.19,49.57,60.22,137916,0
33.27,40.80,47.52,41.68,138016,0
40.40,43.16,49.76,45.91,138117,0
66.96,57.29,45.82,48.20,138167,0
44.99,60.19,36.36,40.33,138267,0
27.14,39.45,34.30,40.20,138368,0
28.17,35.12,35.62,44.04,138468,0
32.51,35.04,30.40,49.18,138568,0
40.65,35.30,25.50,45.91,138669,0
53.07,38.47,30.21,48.20,138719,0
53.14,41.02,33.12,74.28,138819,0
52.06,41.00,32.79,75.87,138920,0
52.04,38.75,32.11,79.31,139020,0
66.14,38.47,34.24,103.65,139120,0
53.07,38.47,38.68,75.87,139221,0
53.14,38.20,33.12,79.31,139321,0
66.14,41.52,34.24,103.65,139371,0
98.09,39.30,38.68,131.81,139472,1
146.04,42.30,48.06,190.90,139572,0
198.79,39.30,70.84,280.78,139673,0
1238.17,41.52,112.77,400.95,139773,0
750.34,41.52,220.96,2284.46,139874,0
340.40,-178.55,542.04,1655.14,139924,0
185.75,-150.41,267.57,811.57,140024,0
161.16,-136.43,233.25,570.52,140125,0
127.42,-73.63,179.48,440.55,140225,0
85.57,-0.78,102.66,275.17,140325,0
78.61,16.21,74.64,137.40,140426,0
72.42,22.15,74.80,101.64,140476,0
67.80,29.70,65.73,105.94,140576,0
64.76,30.69,63.92,101.17,140677,0
47.82,35.50,60.59,79.27,140777,0
41.13,33.87,57.73,88.68,140877,0
47.52,34.67,56.09,86.56,140978,0
64.93,22.37,55.38,101.17,141078,0
91.85,30.69,66.73,101.17,141128,0
64.76,30.69,60.59,101.17,141229,0
64.93,22.37,60.59,144.79,141329,0
91.85,-34.79,66.73,536.94,141429,0
309.53,-34.66,82.42,598.52,141530,0
206.05,-16.94,228.05,725.88,141630,0
251.87,-16.94,331.90,1012.07,141684,0
309.53,-16.94,185.36,598.52,141784,0
1263.68,-16.94,228.05,725.88,141884,0
956.65,-42.63,331.90,2171.11,141985,0
503.81,-165.08,603.57,1662.63,142085,0
232.01,-152.90,258.03,777.44,142186,0
185.59,-141.94,214.61,500.65,142236,0
183.21,-142.15,211.04,420.44,142336,0
182.05,-131.10,207.59,413.03,142437,0
203.68,-132.94,216.02,459.97,142537,0
232.11,-145.65,235.47,524.92,142637,0
249.90,-152.10,216.02,663.77,142738,0
257.28,-142.15,216.02,500.65,142838,0
271.42,-145.65,286.00,709.57,142888,1
249.90,-131.23,314.42,699.41,142988,0
257.28,-145.65,274.54,858.85,143089,0
271.42,-145.65,286.00,709.57,143189,0
947.91,-131.23,314.42,744.99,143289,0
863.24,526.34,484.20,858.85,143390,0
633.65,433.24,1845.56,1486.80,143440,0
321.66,179.59,940.10,798.08,143541,0
171.85,-33.21,363.09,356.96,143641,0
176.82,-98.44,192.38,369.99,143741,0
200.58,-131.98,204.86,528.11,143842,0
216.03,-150.15,226.42,602.80,143942,0
224.08,-158.34,255.56,583.64,143992,0
230.60,-158.33,259.35,546.59,144093,0
256.64,-155.76,292.36,575.86,144193,0
224.08,-150.15,255.56,655.80,144293,1
230.60,-150.15,259.35,583.64,144394,0
256.64,-150.15,292.36,602.80,144494,0
351.69,-73.93,430.48,655.80,144545,0
787.86,498.51,808.25,816.72,144645,0
737.12,455.83,2526.20,1963.62,144746,0
899.47,615.99,2320.38,1699.52,144846,0
767.18,578.98,2120.41,1380.00,144947,0
787.86,498.51,1319.15,1483.81,145047,0
767.18,498.51,2120.41,1483.81,145097,0
737.12,31.26,2120.41,40.19,145197,0
37.06,31.19,54.04,38.91,145298,0
38.24,32.72,53.44,40.64,145398,0
39.07,30.63,55.87,42.70,145498,0
37.73,32.00,58.59,41.72,145599,0
38.03,32.69,56.97,41.96,145699,0
38.52,31.54,57.45,43.16,145749,0
37.92,32.53,60.17,42.52,145850,0
38.15,32.77,59.94,42.78,145950,0
38.90,32.62,58.40,41.67,146050,0
38.42,32.52,58.40,41.96,146151,0
38.46,32.73,46.73,37.72,146251,0
38.91,32.66,49.39,39.94,146302,0
38.73,32.46,50.99,41.23,146402,0
38.49,32.86,52.29,42.64,146502,0
38.61,32.82,53.75,43.53,146603,0
38.49,32.77,54.56,43.82,146703,0
38.51,33.04,55.42,44.50,146807,0
38.65,33.06,56.43,44.85,146857,0
38.35,33.21,56.75,44.48,146958,0
38.51,33.38,57.50,46.37,147058,0
38.61,32.93,58.61,44.50,147158,0
38.65,32.64,59.87,44.85,147259,0
45.49,33.06,56.47,42.26,147359,0
48.36,33.21,53.72,39.03,147409,0
56.00,33.38,53.58,42.15,147510,0
57.71,54.27,54.25,44.46,147610,0
48.62,46.65,50.16,43.12,147710,0
43.24,31.82,47.80,43.36,147811,0
50.93,29.53,53.58,46.19,147911,0
60.02,31.82,47.02,43.36,147962,0
46.25,33.44,49.08,52.26,148062,0
43.21,30.60,47.67,43.90,148162,0
45.33,33.19,47.67,41.08,148263,0
44.60,34.08,47.02,38.84,148363,0
56.14,33.19,47.02,45.66,148464,0
46.25,33.44,47.67,45.66,148564,0
53.05,60.61,96.95,45.66,148614,0
52.67,59.68,89.74,61.41,148715,0
66.79,59.68,89.97,58.91,148815,0
56.14,60.61,96.95,56.39,148915,0
61.11,70.51,121.78,66.45,149016,0
66.79,170.86,215.68,61.41,149116,0
128.60,1106.03,1415.21,58.91,149166,0
59.01,281.28,420.69,51.35,149267,0
50.28,66.07,120.25,62.30,149367,0
49.86,59.32,110.47,59.67,149468,0
155.48,58.59,113.28,59.67,149568,0
128.60,63.54,116.55,59.67,149668,0
128.60,81.90,153.33,62.30,149719,0
155.48,75.91,193.61,123.15,149819,0
1779.49,42.34,120.25,1737.14,149919,0
542.73,30.78,166.94,649.00,150020,0
87.48,39.72,125.72,97.42,150120,0
60.27,54.83,112.07,64.69,150220,0
56.61,61.52,110.19,68.53,150321,0
56.88,63.03,108.31,69.47,150371,0
59.17,62.26,110.36,70.78,150471,0
58.11,61.23,111.26,69.79,150572,0
58.12,62.92,111.93,69.50,150672,0
59.02,62.22,111.68,70.06,150772,0
58.12,61.82,113.25,69.72,150823,0
59.02,63.22,115.11,69.79,150873,0
59.17,62.26,111.93,70.06,150973,0
63.57,62.92,113.25,70.06,151074,0
1458.53,63.22,115.11,83.83,151174,0
498.00,79.16,159.27,1058.63,151275,0
78.97,47.02,110.38,80.78,151375,0
59.53,61.69,100.95,70.53,151425,0
58.58,59.52,94.74,69.98,151525,0
57.37,59.50,97.50,71.93,151626,0
58.18,63.56,99.05,69.59,151726,0
58.86,60.58,96.98,70.64,151830,0
58.45,61.39,100.77,70.73,151930,0
58.29,62.17,99.42,69.97,151981,0
58.90,62.77,100.04,72.41,152081,0
58.45,62.17,99.42,69.61,152181,0
58.86,62.77,100.04,69.97,152282,0
58.90,62.77,100.77,76.24,152382,0
69.67,142.67,106.60,70.73,152483,0
145.95,940.80,1002.39,76.43,152533,0
69.59,222.89,236.53,60.32,152633,0
60.07,60.14,110.53,61.25,152734,0
58.75,61.47,106.14,63.42,152834,0
59.63,57.97,107.81,59.44,152934,0
60.16,59.21,113.64,61.54,153035,0
57.78,60.47,112.84,63.42,153135,0
58.30,61.01,114.22,62.10,153185,0
59.63,60.47,116.37,63.70,153286,0
59.63,61.01,113.64,62.10,153386,0
60.16,61.01,114.22,61.54,153486,0
135.63,80.67,116.37,61.54,153587,0
1449.71,271.36,204.85,-219.30,153687,0
693.50,649.11,190.27,-79.41,153737,0
125.68,183.40,146.08,57.82,153838,0
47.63,69.23,190.27,71.35,153938,0
49.67,66.98,99.70,71.95,154039,0
47.84,66.81,102.83,67.67,154139,0
41.07,45.54,69.00,48.05,154240,0
39.76,32.39,39.66,43.54,154290,0
42.56,34.32,37.98,43.46,154390,0
44.33,37.14,28.82,42.40,154491,0
46.32,40.79,24.72,41.77,154591,0
46.85,43.01,59.44,43.24,154691,0
48.03,40.79,39.66,43.46,154792,0
48.85,40.79,93.23,43.46,154892,0
48.98,61.86,94.12,54.94,154942,0
48.76,62.02,94.37,55.07,155043,0
48.66,62.27,94.34,55.12,155143,0
49.01,62.35,95.39,55.18,155243,0
48.85,63.88,94.34,56.14,155344,0
48.98,62.35,94.37,55.18,155444,0
48.98,70.43,78.63,62.14,155495,0
48.76,62.35,94.37,45.42,155595,0
42.67,62.35,43.32,42.69,155695,0
42.83,29.02,44.05,42.68,155796,0
45.11,29.02,44.87,45.80,155896,0
44.70,31.24,47.81,54.56,155996,0
44.70,46.18,53.07,45.80,156047,0
45.11,31.24,44.87,45.80,156147,0
60.68,44.77,47.81,66.59,156247,0
65.94,44.17,61.89,68.64,156348,0
80.83,60.22,71.59,84.19,156448,0
58.53,44.65,75.94,65.35,156548,0
44.54,31.48,70.92,66.85,156598,0
44.07,30.93,70.92,38.41,156699,0
43.60,31.39,38.95,38.69,156799,0
43.99,31.48,39.31,38.84,156900,0
46.33,34.17,36.48,38.26,157000,0
49.13,39.43,34.04,35.35,157100,0
44.54,31.48,38.95,37.13,157151,0
48.81,34.17,38.95,38.41,157251,0
49.64,69.69,39.31,46.70,157351,0
49.78,69.10,91.39,45.76,157452,0
49.48,69.34,91.29,45.79,157552,0
49.41,69.77,91.19,46.09,157652,0
49.47,69.68,91.41,46.23,157753,0
49.48,70.08,91.61,46.32,157803,0
49.64,69.69,91.41,46.13,157904,0
49.78,69.77,91.41,46.09,158004,0
50.82,70.08,91.61,46.13,158104,0
88.26,103.77,96.14,46.23,158205,0
80.91,83.90,138.66,46.32,158305,0
61.27,65.61,130.00,57.60,158355,0
50.43,57.78,115.01,61.11,158456,0
49.08,61.48,100.38,61.98,158556,0
50.07,60.99,96.13,61.26,158657,0
50.13,60.33,96.42,61.37,158757,0
49.74,60.72,97.34,62.01,158857,0
51.10,59.84,98.10,61.37,158908,0
50.13,57.96,98.10,61.98,159008,0
50.13,59.86,98.10,62.01,159108,0
51.10,60.33,98.10,73.68,159209,0
55.73,60.33,155.28,153.04,159309,0
70.44,60.72,125.44,126.45,159409,0
61.95,66.72,96.16,71.40,159510,0
60.99,63.64,93.33,57.64,159560,0
62.09,64.33,93.79,58.51,159660,0
67.14,63.33,93.90,58.80,159761,0
67.14,63.91,95.53,72.57,159861,0
67.14,69.34,99.18,102.99,159962,0
67.14,64.33,95.53,71.40,160062,0
104.16,64.33,95.53,91.99,160112,0
79.62,84.35,104.18,64.44,160213,0
60.03,76.63,101.13,45.36,160313,0
57.70,72.50,98.10,40.09,160413,0
57.79,72.20,97.08,40.00,160514,0
57.33,73.68,97.60,40.79,160614,0
74.36,82.37,97.63,40.98,160664,0
60.03,76.63,97.15,43.36,160765,0
60.03,76.63,96.60,40.98,160865,0
103.36,108.93,97.15,40.98,160965,0
64.30,82.96,97.08,49.28,161066,0
52.39,72.30,99.06,46.77,161166,0
59.47,73.52,98.71,45.30,161216,0
90.89,94.10,100.15,42.62,161317,0
112.99,111.21,99.18,41.07,161417,0
103.54,102.94,99.84,45.17,161517,0
72.60,82.06,99.44,50.24,161618,0
54.67,66.75,99.32,48.27,161718,0
53.19,66.22,100.44,47.10,161768,0
70.68,71.31,99.84,46.76,161869,0
107.54,102.28,99.84,49.57,161972,0
97.50,101.10,100.44,48.27,162073,0
69.08,80.89,101.23,49.57,162173,0
47.87,56.73,125.52,49.57,162273,0
45.21,54.69,122.75,61.06,162374,0
51.98,55.15,119.93,64.27,162424,0
76.68,57.88,120.01,79.86,162524,0
58.56,57.59,119.98,71.85,162625,0
48.88,54.15,119.88,65.05,162725,0
62.54,55.31,120.90,75.85,162826,0
51.48,53.70,118.90,70.86,162926,0
50.44,53.24,119.84,66.70,162976,0
62.14,57.41,119.98,79.44,163077,0
50.82,55.87,119.98,79.22,163177,0
60.63,54.15,121.65,75.85,163278,0
60.70,53.70,121.24,79.22,163378,0
52.22,32.50,120.25,101.00,163478,0
42.39,44.53,120.33,67.60,163528,0
37.25,63.43,121.65,37.98,163629,0
37.55,44.53,121.65,59.26,163729,0
43.58,85.98,108.46,88.07,163830,0
48.42,33.22,66.38,103.64,163930,0
41.75,14.90,51.91,75.09,164030,0
37.96,20.03,47.11,54.73,164131,0
37.79,17.27,46.26,54.08,164181,0
37.33,15.98,46.91,53.32,164281,0
36.96,15.26,46.61,53.90,164382,0
37.34,15.17,46.05,53.34,164482,0
37.37,15.12,47.31,53.63,164583,0
37.17,15.27,47.12,53.77,164683,0
37.21,15.31,47.33,53.91,164733,0
37.21,14.97,47.59,53.70,164834,0
37.06,15.50,47.66,54.13,164934,0
37.21,15.27,47.57,54.14,165034,0
37.21,15.76,47.33,53.36,165135,0
37.21,14.65,47.33,53.77,165235,0
37.99,14.38,47.33,52.67,165285,0
38.16,14.75,34.04,53.05,165386,0
38.23,14.20,33.28,53.23,165486,0
38.20,14.05,33.43,53.31,165586,0
37.93,14.17,33.49,53.27,165687,0
38.03,14.28,33.77,53.31,165787,0
38.19,14.02,33.88,53.35,165838,0
38.13,14.14,33.98,53.36,165938,0
38.06,14.20,34.17,53.41,166038,0
38.29,14.31,34.26,53.43,166139,0
38.13,14.20,33.98,53.36,166239,0
38.19,14.28,34.17,53.41,166339,0
38.29,14.31,34.26,53.43,166390,0
39.84,17.74,42.41,53.66,166490,0
47.20,62.52,127.20,82.27,166590,0
46.71,51.39,111.83,73.26,166691,0
46.57,49.11,109.34,72.44,166791,0
46.45,49.17,108.58,72.41,166892,0
46.67,49.24,108.63,72.48,167429,0
46.58,48.96,108.81,72.25,167429,0
46.41,49.13,108.45,72.45,167430,0
46.64,49.15,108.49,72.36,167430,0
46.44,48.95,108.56,72.33,167430,0
46.32,49.11,108.27,72.38,167430,0
46.55,49.01,108.30,72.40,167530,0
46.39,49.07,108.16,72.40,167581,0
46.40,49.22,108.26,72.40,167681,0
46.48,49.25,108.23,72.41,167781,0
46.41,49.24,108.13,72.43,167882,0
46.45,49.20,108.32,72.39,167982,0
46.39,49.11,108.27,72.40,168082,0
46.39,49.18,108.10,72.45,168133,0
46.46,49.16,108.20,72.41,168233,0
46.39,49.30,108.21,72.43,168333,0
46.39,49.29,108.08,72.55,168433,0
46.39,49.19,108.12,72.47,168534,0
46.39,49.24,108.30,72.54,168634,0
46.48,49.04,108.21,72.65,168735,0
46.47,49.22,108.13,72.42,168785,0
46.50,49.12,108.07,72.54,168885,0
46.50,49.22,108.13,72.47,168986,0
46.51,49.22,108.21,72.42,169086,0
46.61,49.24,108.30,71.70,169186,0
78.05,321.21,109.99,68.68,169287,0
47.87,85.43,214.82,70.96,169337,0
47.31,48.56,110.27,70.09,169437,0
45.79,49.70,110.96,70.95,169538,0
45.40,50.64,111.59,71.19,169638,0
46.21,49.84,111.13,70.93,169738,0
45.71,50.16,112.71,71.11,169839,0
45.55,50.57,112.59,71.22,169889,0
45.79,50.16,111.59,70.67,169989,0
45.79,50.57,112.59,70.95,170089,0
46.21,50.64,117.32,70.93,170190,0
60.71,84.75,115.87,62.10,170290,0
55.63,85.18,114.42,63.11,170391,0
56.85,75.81,113.53,65.08,170441,0
54.03,84.46,115.74,63.99,170541,0
49.18,84.46,105.89,66.37,170642,0
48.43,84.46,114.42,68.63,170742,0
48.57,47.40,113.53,70.12,170842,0
48.13,47.38,95.70,69.96,170943,0
47.90,47.67,95.71,69.85,170993,0
47.98,47.78,96.21,69.89,171093,0
47.91,47.63,96.27,70.10,171194,0
47.84,48.03,96.33,70.01,171294,0
47.99,47.83,96.47,70.06,171394,0
47.79,47.94,96.66,70.06,171495,0
47.77,47.95,96.46,70.07,171595,0
47.86,47.98,96.90,70.19,171645,0
47.68,48.06,96.85,70.11,171746,0
47.75,48.09,96.81,70.07,171846,0
47.70,48.09,96.89,70.20,171946,0
47.68,48.07,97.10,70.24,172049,0
47.77,48.15,97.16,70.33,172149,0
47.66,48.11,96.98,70.24,172199,0
47.68,48.14,97.13,70.31,172300,0
47.70,48.15,97.24,70.31,172400,0
47.69,48.11,97.25,70.32,172501,0
47.69,48.16,97.40,70.36,172601,0
47.61,48.19,97.37,70.42,172701,0
47.53,48.15,97.32,70.42,172752,0
47.62,48.28,97.45,70.42,172852,0
47.59,48.32,97.42,70.46,172953,0
47.60,48.30,97.52,70.43,173053,0
47.61,48.29,97.42,70.46,173153,0
47.61,48.30,97.45,70.42,173254,0
47.62,48.32,97.52,70.42,173355,0
50.62,55.39,98.04,70.42,173405,0
177.93,491.95,118.61,0.04,173505,0
147.95,419.54,352.93,13.50,173606,0
118.02,317.89,312.52,29.56,173706,0
105.84,268.60,267.35,36.07,173806,0
77.76,202.15,239.74,47.37,173857,0
52.39,74.00,290.31,62.16,173957,0
50.65,45.54,116.55,64.42,174057,0
49.76,45.98,117.28,64.87,174158,0
49.52,47.07,117.42,65.25,174258,0
51.66,54.71,115.73,64.54,174359,0
49.87,58.59,104.42,65.97,174459,0
49.05,48.25,100.73,64.87,174509,0
49.56,46.59,101.73,65.25,174610,0
49.38,46.48,102.36,69.07,174710,0
49.07,46.72,102.16,69.03,174810,0
49.31,46.91,102.72,69.24,174911,0
49.27,46.84,102.98,69.18,175011,0
49.31,47.39,103.87,69.06,175062,0
49.38,46.84,102.72,69.06,175162,0
49.38,46.91,102.98,69.06,175262,0
50.90,47.39,103.87,69.03,175363,0
70.76,170.12,182.44,54.94,175463,0
64.85,167.80,181.19,58.12,175564,0
57.27,168.87,174.74,61.14,175614,0
51.68,116.66,134.39,65.46,175714,0
51.42,167.80,176.14,66.32,175815,0
49.88,167.80,174.74,67.07,175915,0
49.77,46.20,101.83,67.43,175965,0
50.15,46.02,101.88,67.16,176066,0
49.85,45.84,102.50,67.38,176166,0
49.55,46.46,102.51,67.45,176216,0
49.90,46.20,101.88,67.35,176317,0
49.79,46.28,103.22,67.44,176417,0
49.58,46.42,102.99,67.45,176518,0
49.62,46.42,103.46,67.49,176618,0
49.28,46.52,103.29,67.45,176718,0
49.30,46.71,103.42,67.50,176769,0
